---
version: 2
money:
  steve: 1000.000000
  enderfunny: 0.000000
  zinovn: 1000.000000
  phananhvn: 92000.000000
  xdgamingtb: 900.000000
  ghast_noob: 166.000000
  testserver: 900.000000
  honglun789: 550331.000000
  henrynguyen: 900.000000
  thienvnu23: 20932.000000
  tuanyt: 700.000000
  tonteton2205: 3460.000000
  kenshin_: 900.000000
  xeomdragon78: 300.000000
  hotaro: 115.000000
  candymaster5z: 1000.000000
  hehevn: 1000.000000
  noodtk: 100.000000
  dopeykuba123: 900.000000
  craftboyyt: 4220264606.349999
  beat_gamer_king: 250881.000000
  godmaster1203: 900.000000
  meozellgirl: 683.000000
  meu_chibi: 1027733.000000
  jackvnkiller: 557678.000000
  kotori_chan: 1000.000000
  bsr: 1000.000000
  khangle979: 1000.000000
  fbi: 7323157.000000
  dd_096: 0.000000
  khoastr: 251930.000000
  itzbin: 9994818.750000
  tonpheco: 1000.000000
  mythneverdie: 1000.000000
  xwoy: 113380.000000
  ktr: 837.000000
  bilalawad: 350.000000
  doubtedplains41: 1000.000000
  nb3f: 1000.000000
  kaito_itsuka: 1000.000000
  killer_op: 1000.000000
  hoangzero01: 5800.000000
  redkun_vn: 21700.000000
  ghast_noo: 1000.000000
  honglun: 0.000000
  hong789: 1000.000000
  _skull_: 1000.000000
  kller_pro: 0.000000
  rickelmy00714: 500.000000
  ueki_vn: 1000.000000
  dzno1st: 500.000000
  soitubetm: 1410047587.000000
  killer_ter: 500.000000
  gavn: 5100.000000
  fpi: 982434833.000000
  jackthnfan: 281101.000000
  huytubetm: 95.000000
  dieptubetm: 90000.000000
  devorator: 0.000000
  anime_hot: 1000.000000
  felixkilian123: 0.000000
  _brenoyt_: 1000.000000
  benjamin4454: 1000.000000
  mcpevn: 1000.000000
  op_skyblock: 1000.000000
  kiler_ter: 500.000000
  dieptumetm: 1000.000000
...
